10.00000000000000000000000000000000	0.00000170359752321243130657006659
10.54977020650058783246549864998087	0.00000162407469655132098522703349
11.12973951379495574087741260882467	0.00000154826037881896896201223881
11.74161943287463749641119648003951	0.00000147598858923634330248507440
12.38713868690091501889583014417440	0.00000140708715994167844978864589
13.06814666628581633744943246711046	0.00000134140524458756213690611113
13.78656269064592798656576633220538	0.00000127878637389340456330215356
14.54450683238290054077879176475108	0.00000121909064889502336005418313
15.34412048485174473455572297098115	0.00000116218428865715699782417119
16.18769451360442701570718782022595	0.00000110793172927001972451709327
17.07760640646849736867807223461568	0.00000105626526897147898324542514
18.01648232653050385465576255228370	0.00000100702441495686993093005429
19.00697484743758636227539682295173	0.00000096092833574858628943474257
20.05187552491749158889433601871133	0.00000091694228335476431836258485
21.15426789972329757461011467967182	0.00000087496967226891070678706890
22.31726652288326206985402677673846	0.00000083491833814164325237308032
23.54420334536469638919697899837047	0.00000079670033540426932213806936
24.83853630596271955255360808223486	0.00000076023174415602812640726941
26.20408502937286598921673430595547	0.00000072543248589100662916006506
27.64470755314859573559260752517730	0.00000069222614766004523405225650
29.16453121116289537440025014802814	0.00000066053981428157616930468094
30.76783940015837970349821262061596	0.00000063029520032276389425375963
32.45936354221857556012764689512551	0.00000060142849412482692373640124
34.24388264196691267216010601259768	0.00000057644383657190487753438270
36.12642610084655103719342150725424	0.00000055249709644247492871686539
38.11254937460561365014655166305602	0.00000052954637569656967359133784
40.20786378859970966459513874724507	0.00000050754785885805123199721262
42.41837234640031084609290701337159	0.00000048646432873845698807387973
44.75030503732633491154047078453004	0.00000046626304974790181277240339
47.45074112637367136358079733327031	0.00000044510759004106954330636436
50.31934739580062654340508743189275	0.00000042487678288610885692639491
53.36137354727073045523866312578321	0.00000040556549624101816106227299
56.58717327944570740783092333003879	0.00000038713193652032025081111436
60.38526826238589961803882033564150	0.00000036953620971964620469071600
64.95685655349463161201128968968987	0.00000035274023507692411723486205
68.66540722266032048537454102188349	0.00000034047168494672078243568048
72.44042673348525340770720504224300	0.00000032904932178691131330075742
76.42298556991113400727044790983200	0.00000031801089566230061106132132
80.84999548693414794797718059271574	0.00000030679551045481533272274075
86.96910484611555602896260097622871	0.00000029285119463794415654544199
93.55133729051314617208845447748899	0.00000027954066887658059472015863
99.87044844983371660873672226443887	0.00000026812974798997848045690930
105.36102815659086218147422187030315	0.00000025913495535851224652393321
111.39918152767326375851553166285157	0.00000025470706999630327837041911
123.71090956710790464967431034892797	0.00000024658178948260946872268902
130.51216679701647649380902294069529	0.00000024253420693969003945199172
145.25664198317508635227568447589874	0.00000023463727162396318329144285
153.24241938904245330377307254821062	0.00000023078044157762391842407838
170.55521374381686428023385815322399	0.00000022323690873028730890488623
179.93141694391056262247730046510696	0.00000021944010378616925056546351
200.25944120724872732353105675429106	0.00000021603046477653870813971290
211.26862217732892190724669490009546	0.00000022387262934201942343346789
222.88354158148138139949878677725792	0.00000024063400537986185227394336
231.46215912973860895363031886518002	0.00000025470706999630327837041911
238.72835199340144640700600575655699	0.00000026683512646269193332499879
248.06414715954704774958372581750154	0.00000028269231347681588780094129
261.70137231010437517397804185748100	0.00000030640228518994520070351613
272.17297474896264475319185294210911	0.00000032140379468691137857495822
282.90459407314688178303185850381851	0.00000033670766265779661968108975
294.05935479638259266721433959901333	0.00000035274023507692411723486205
307.28049941131069999755709432065487	0.00000037190155993167544645454782
324.17311933575541615937254391610622	0.00000040234628899023083603431737
335.71674215227398008210002444684505	0.00000042487678288610885692639491
346.02780671512073240592144429683685	0.00000044510759004106954330636436
360.79706832312689357422641478478909	0.00000047503214616155315320122302
378.47918512952475111887906678020954	0.00000051176549393715449203943937
389.95904666722805131939821876585484	0.00000053613356824349068138996048
401.85187588595118768353131599724293	0.00000056166194556445733245924863
423.91716293421239925010013394057751	0.00000058840587454501538355856015
447.19403296052678342675790190696716	0.00000061642323453325725694432581
471.75009902535316541616339236497879	0.00000064577466084318181408597615
497.41514010380518584497622214257717	0.00000067783501581163804364471527
524.76154253294453155831433832645416	0.00000071184100245074020057940755
553.61136869313486386090517044067383	0.00000075356201718693915601323622
584.04592752488986207026755437254906	0.00000080279563046283975856660942
615.19953708090542932040989398956299	0.00000085367585854328615310759095
632.74394806137934210710227489471436	0.00000089432423558502309161340324
650.48906457675445835775462910532951	0.00000093690811371840980367856110
685.76450123175379758322378620505333	0.00000102393172694585686213373729
706.76657125692429417540552094578743	0.00000107721650746640565796043588
725.01334414689461027592187747359276	0.00000112850892989216769781953605
762.93405345220753588364459574222565	0.00000123853704217880313789759000
782.63271863657735138986026868224144	0.00000129751085544388651173825216
805.20043344421492292894981801509857	0.00000136663645079031186290461145
844.70292881023794961947714909911156	0.00000149182197446642519182160268
866.44899037956236043100943788886070	0.00000156285612810963125256528885
896.16710806289040647243382409214973	0.00000166235203732343586188952619
935.10418358213337342021986842155457	0.00000179690865286544103304234871
958.72709206744229959440417587757111	0.00000188246972349928647808643602
997.41294398262220965989399701356888	0.00000202894838952250058431944248
1030.45729945165271601581480354070663	0.00000216438243117683240792563197
1054.92115111917405556596349924802780	0.00000226744102448778027001849433
1105.60501503870386841299477964639664	0.00000248851349368792173105983598
1128.17377473951546562602743506431580	0.00000260700581574735221285980639
1171.12432056670559177291579544544220	0.00000284965313430705965083039079
1196.24462663862254885316360741853714	0.00000299742275540589008596512217
1235.50640166039033829292748123407364	0.00000323584715829986974876481334
1269.53593980080222536344081163406372	0.00000344630730025795260830522894
1303.43086261775351886171847581863403	0.00000366015940558049638714433957
1349.49413058410891608218662440776825	0.00000396241537380433754219916792
1377.25069435686532415274996310472488	0.00000415108857159772075734504096
1434.48826566241882574104238301515579	0.00000455581415893638346008244142
1463.99299941764888899342622607946396	0.00000477274245767089775932447843
