10.00000000000000000000000000000000	0.00000072785689426611251634871309
10.54977020650058783246549864998087	0.00000069378355277876640959627656
11.12973951379495574087741260882467	0.00000066136316047484287412367614
11.74161943287463749641119648003951	0.00000063046357457469770978300853
12.38713868690091501889583014417440	0.00000060099104376217978910304680
13.06814666628581633744943246711046	0.00000057289627703869870782490406
13.78656269064592798656576633220538	0.00000054611486751985364428840916
14.54450683238290054077879176475108	0.00000052056863775474329562555553
15.34412048485174473455572297098115	0.00000049618085142635086097273123
16.18769451360442701570718782022595	0.00000047293559286252867006534496
17.07760640646849736867807223461568	0.00000045078037447158479660594367
18.01648232653050385465576255228370	0.00000042966205374242637008791674
19.00697484743758636227539682295173	0.00000041000674373982742234014879
20.05187552491749158889433601871133	0.00000039125058507706312771766205
21.15426789972329757461011467967182	0.00000037336963910990758222323543
22.31726652288326206985402677673846	0.00000035630999081808809346300624
23.54420334536469638919697899837047	0.00000034003059860099539970783203
24.83853630596271955255360808223486	0.00000032449424584767866015585385
26.20408502937286598921673430595547	0.00000030967560875793445864231153
27.64470755314859573559260752517730	0.00000029554390001520797087402443
29.16453121116289537440025014802814	0.00000028205642693240431743476851
30.76783940015837970349821262061596	0.00000026918508943698484334888527
32.45936354221857556012764689512551	0.00000025690112139356810922472332
34.24388264196691267216010601259768	0.00000024623001979338883335281306
36.12642610084655103719342150725424	0.00000023600217203633711769741031
38.11254937460561365014655166305602	0.00000022619552047251762262986506
40.20786378859970966459513874724507	0.00000021679387097025263715059792
42.41837234640031084609290701337159	0.00000020778299407559227075564714
44.75030503732633491154047078453004	0.00000019914664761413673168595094
47.21054348145988655005567125044763	0.00000019086926450545316501362480
49.80603850534059517940477235242724	0.00000018293550347824323410592042
52.54422611274635812605993123725057	0.00000017533152086873660858464116
55.62602158720664391466925735585392	0.00000016758031406354009374509403
59.09966239574868041017907671630383	0.00000015996353759726053704500739
63.50164854328748731404630234465003	0.00000015269260345031312062464657
68.22758513195127250128280138596892	0.00000014575249574712383889253328
72.44042673348525340770720504224300	0.00000014020096407032848486168676
76.42298556991113400727044790983200	0.00000013542442491031381097694574
80.62430798118388963757752208039165	0.00000013081152238156963537938748
85.05679222596212696316797519102693	0.00000012635545617506800742047479
90.93226313412928618618025211617351	0.00000012100630508367948304376013
97.70459750638489992979884846135974	0.00000011550638713697277450628289
104.98107122790833045655745081603527	0.00000011025644870496666423370722
111.15346357726728854231623699888587	0.00000010783729861341051079884004
118.69133099180562851415743352845311	0.00000010524512784401439765377982
130.51216679701647649380902294069529	0.00000010160427938117980224668336
137.68733688609995624574366956949234	0.00000009962882307837330314672665
152.82802473592693104365025646984577	0.00000009589544967559128200554520
161.66723104425881274437415413558483	0.00000009394182652890134749463119
173.53536756153877718134026508778334	0.00000009153685774673624425910856
189.82351016883029615200939588248730	0.00000008857945420718208282779356
211.26862217732892190724669490009546	0.00000008753344075430860952601373
222.88354158148138139949878677725792	0.00000008701517541020408180289938
248.06414715954704774958372581750154	0.00000008598763414910854128097402
276.08893405974572488048579543828964	0.00000008497222687542698790074427
307.28049941131069999755709432065487	0.00000008396881030182280143950768
326.51038574032628503118758089840412	0.00000008340498335014482796575803
345.83106332622804757193080149590969	0.00000008340498335014482796575803
373.63452535944611554441507905721664	0.00000008737637035429608737665467
401.55773877772838886812678538262844	0.00000009124813567811874623771328
423.63418687470249324178439565002918	0.00000009423364713726060244766144
446.92433231458431919236318208277225	0.00000009731684035840719415183530
471.49381490537723493616795167326927	0.00000010050091135227819946025216
497.41514010380518584497622214257717	0.00000010980952172992774198021708
505.47537135979848699207650497555733	0.00000011550638713697277450628289
520.64295958199988945125369355082512	0.00000012676810549567912565206392
528.39779908964862897846614941954613	0.00000013280425809093672806412414
541.52186898892307453934336081147194	0.00000014575249574712383889253328
552.18804521847187061212025582790375	0.00000015996353759726053704500739
557.59901768546524181147105991840363	0.00000016758031406354009374509403
568.58055096158250307780690491199493	0.00000018391917069498442063060729
579.77969305453825654694810509681702	0.00000020185104400929324796477697
585.46104016664151004079030826687813	0.00000021146232358460988297722914
600.45020854840515767136821523308754	0.00000023207961749116678286054469
616.15503254300847402191720902919769	0.00000024318064162493384793326890
650.02940049076369177782908082008362	0.00000025818796827475848138885753
685.76450123175379758322378620505333	0.00000027412080593220436404634137
723.46579037704918846429791301488876	0.00000029103753272694165981040906
758.37498611385251479077851399779320	0.00000030679551045481533272274075
788.09577636274673295702086761593819	0.00000032140379468691137857495822
814.62549894103460701444419100880623	0.00000033670766265779661968108975
849.46599833111690713849384337663651	0.00000035711327947654839503325479
896.16710806289040647243382409214973	0.00000038500023978950653245705536
928.85302541705129897309234365820885	0.00000040556549624101816106227299
958.95670483278342999255983158946037	0.00000042487678288610885692639491
997.41294398262220965989399701356888	0.00000044995387882368312195237921
1052.24531311342980188783258199691772	0.00000048648225107678217228271032
1089.44422227706127159763127565383911	0.00000051176549393715449203943937
1119.29870166715272716828621923923492	0.00000053613356824349068138996048
1165.16116206147489720024168491363525	0.00000058840587454501538355856015
1188.69928095179238880518823862075806	0.00000061642323453325725694432581
1235.50640166039033829292748123407364	0.00000067389774013420472091427530
1263.47891852562565873085986822843552	0.00000070873682712564691850616345
1303.43086261775351886171847581863403	0.00000076020023583992448459260415
1344.26224130785317356640007346868515	0.00000081487501116739394280196005
1375.08960806781374230922665446996689	0.00000085755503269084853087424712
1427.59494012128379836212843656539917	0.00000093690811371840980367856110
1455.26471709469115012325346469879150	0.00000098151965319063352852549907
1512.21659610953111041453666985034943	0.00000107721650746640565796043588
1540.60747244809067524329293519258499	0.00000112850892989216769781953605
1598.99461073906672936573158949613571	0.00000123853704217880313789759000
1629.27352323867035011062398552894592	0.00000129751085544388651173825216
1695.39149433275542833143845200538635	0.00000142401642958192161922718281
1729.44995748400947377376724034547806	0.00000149182197446642519182160268
1796.98726775156615076411981135606766	0.00000163164246610237353003703895
1835.79000076630063631455413997173309	0.00000171523646114243147408706756
1895.77590868826541736780200153589249	0.00000184840442700011924595157858
1949.83562041250365837186109274625778	0.00000197210484475131052754565304
2000.00001996810419768735300749540329	0.00000209096132470681539365230280
