10.00000000000000000000000000000000	0.00000080553237545674936145433803
10.54977020650058783246549864998087	0.00000076782279281176320259689550
11.12973951379495574087741260882467	0.00000073188020322810005160963850
11.74161943287463749641119648003951	0.00000069767313482348803812648896
12.38713868690091501889583014417440	0.00000066509242268579242341527014
13.06814666628581633744943246711046	0.00000063402152148370782004492422
13.78656269064592798656576633220538	0.00000060438266591567024580317373
14.54450683238290054077879176475108	0.00000057612934968599348714752856
15.34412048485174473455572297098115	0.00000054918415685949681161350097
16.18769451360442701570718782022595	0.00000052345578042446223384243521
17.07760640646849736867807223461568	0.00000049893273620033404557082626
18.01648232653050385465576255228370	0.00000047555855635120797844867316
19.00697484743758636227539682295173	0.00000045380366604135877692125173
20.05187552491749158889433601871133	0.00000043304397442170751040077135
21.15426789972329757461011467967182	0.00000041323490666428956991044629
22.31726652288326206985402677673846	0.00000039433107253782879321983698
23.54420334536469638919697899837047	0.00000037630587611923802739442380
24.83853630596271955255360808223486	0.00000035911206809552316291411799
26.20408502937286598921673430595547	0.00000034270386309614941184128632
27.64470755314859573559260752517730	0.00000032705214361771931589654917
29.16453121116289537440025014802814	0.00000031212747565362819605384610
30.76783940015837970349821262061596	0.00000029788319273638604213613398
32.45936354221857556012764689512551	0.00000028428961804063201555806324
34.24388264196691267216010601259768	0.00000027248085916277549401031820
36.12642610084655103719342150725424	0.00000026116260988282933232945172
38.11254937460561365014655166305602	0.00000025031449552229266120102649
40.20786378859970966459513874724507	0.00000023991698772152386286219935
42.41837234640031084609290701337159	0.00000022994978084323886209965548
44.75030503732633491154047078453004	0.00000022039208828551443210206067
47.21054348145988655005567125044763	0.00000021123214052899518377747932
49.99320733621766521537210792303085	0.00000020185104400929324796477697
53.01234308859095989419074612669647	0.00000019267661149736389349973237
56.21380722469761082038530730642378	0.00000018391917069498442063060729
59.86555319365344729476419161073864	0.00000017555976870391254026969134
64.32458604072034802356938598677516	0.00000016758031406354009374509403
68.66540722266032048537454102188349	0.00000016064196209197659249945064
72.44042673348525340770720504224300	0.00000015516544097228316129815880
76.42298556991113400727044790983200	0.00000014987527742371611795992438
80.62430798118388963757752208039165	0.00000014476580844411729999648541
85.71996795184725215221988037228584	0.00000013912782634181845603949662
92.10410780870581959334231214597821	0.00000013280425809093672806412414
98.96348942655257019396231044083834	0.00000012676810549567912565206392
105.36102815659086218147422187030315	0.00000012172870448473287079701013
111.15346357726728854231623699888587	0.00000011933669335204891893608087
121.37493211074527721393678802996874	0.00000011550638713697277450628289
130.51216679701647649380902294069529	0.00000011243900661157601280541827
137.68733688609995624574366956949234	0.00000011022954125415430475698920
153.24241938904245330377307254821062	0.00000010597514025092738217728581
161.66723104425881274437415413558483	0.00000010391900982931853550918574
177.32215473475335443254152778536081	0.00000010046157902783945636985337
189.82351016883029615200939588248730	0.00000009798712152568000730641813
211.26862217732892190724669490009546	0.00000009683001519395142281641944
230.56320471962519036424055229872465	0.00000009589544967559128200554520
248.06414715954704774958372581750154	0.00000009512003469074491127234716
276.08893405974572488048579543828964	0.00000009399678509731689132747552
307.28049941131069999755709432065487	0.00000009330222487278199699711431
341.99519161167125957945245318114758	0.00000009450983392203568346064206
360.79706832312689357422641478478909	0.00000009760206358874560872194390
380.63173976082947547183721326291561	0.00000010079546668804824450142797
408.97145820867649490537587553262711	0.00000010524512784401439765377982
441.85116051652983060193946585059166	0.00000011025644870496666423370722
450.88522063989921662141568958759308	0.00000011550638713697277450628289
464.41474502354031983486493118107319	0.00000012676810549567912565206392
471.49381490537723493616795167326927	0.00000013294867089764126224514008
483.03878134273048772229230962693691	0.00000014575249574712383889253328
492.55303563707269631777307949960232	0.00000015996353759726053704500739
497.41514010380518584497622214257717	0.00000016763743224951905784933493
507.17518933160397409665165469050407	0.00000018391917069498442063060729
518.54565551206997042754665017127991	0.00000020185104400929324796477697
527.83234524362956108234357088804245	0.00000021146232358460988297722914
546.91017085794771901419153437018394	0.00000023207961749116678286054469
561.15004231111197441350668668746948	0.00000024313025187548705165313761
584.04592752488986207026755437254906	0.00000026137858347396403232374687
606.13449453869770877645350992679596	0.00000027954066887658059472015863
625.49954771393345254182349890470505	0.00000029285119463794415654544199
652.05165267404311180143849924206734	0.00000030679551045481533272274075
685.76450123175379758322378620505333	0.00000032459811987996028188641377
723.46579037704918846429791301488876	0.00000034578488069397645990153819
758.49548506865448871394619345664978	0.00000036953620971964620469071600
784.02877099568536323204170912504196	0.00000038713193652032025081111436
809.43876604217530257301405072212219	0.00000040556549624101816106227299
849.46599833111690713849384337663651	0.00000043514500234475517172433399
890.71342882906969862233381718397141	0.00000046630170132237255009948992
919.58102227930214667139807716012001	0.00000048850498513421537913825003
949.38201450137307801924180239439011	0.00000051176549393715449203943937
997.41294398262220965989399701356888	0.00000054995986919776772463278785
1044.71059703629953219206072390079498	0.00000058840587454501538355856015
1078.56668108142844175745267421007156	0.00000061642323453325725694432581
1112.23869450571601191768422722816467	0.00000064577466084318181408597615
1159.15896921417379417107440531253815	0.00000070873682712564691850616345
1183.35486339766430319286882877349854	0.00000074248383014096860830447356
1233.27236500807703123427927494049072	0.00000081487501116739394280196005
1259.01527727091206543263979256153107	0.00000085367585854328615310759095
1303.43086261775351886171847581863403	0.00000092298788376873574137423733
1337.38054134365370373416226357221603	0.00000098151965319063352852549907
1375.08960806781374230922665446996689	0.00000104993641828642172273322770
1415.81007997917436114221345633268356	0.00000112850892989216769781953605
1450.68793784623926512722391635179520	0.00000119932531296892736202342779
1497.05584077108665042032953351736069	0.00000129751085544388651173825216
1530.43891459211658911954145878553391	0.00000137052196419120487345011568
1586.95641782054690338554792106151581	0.00000149182197446642519182160268
1618.83654513017404497077222913503647	0.00000156285612810963125256528885
1684.53097051075724266411270946264267	0.00000171523646114243147408706756
1718.37521494316820280801039189100266	0.00000179690865286544103304234871
1789.18397616447805376083124428987503	0.00000197210484475131052754565304
1825.67723405281731174909509718418121	0.00000206600800541006085063889391
1895.77590868826541736780200153589249	0.00000225336736375593389564695769
1939.67514150715760479215532541275024	0.00000237540682527844200123555603
2000.00001996810419768735300749540329	0.00000254906552870418356564240561
